%YAML:1.0
---
K: !!opencv-matrix
   rows: 3
   cols: 3
   dt: d
   data: [ 906.61477846966216, 0., 805.5958869381559, 0.,
       911.40278135826213, 625.11335455201674, 0., 0., 1. ]
distCoeffs: !!opencv-matrix
   rows: 1
   cols: 5
   dt: d
   data: [ 0.029074549953107705, 0.016312721792850135,
       0.00071927194751126189, 0.001052374077621622,
       -0.13330590951837901 ]
