%YAML:1.0
---
K: !!opencv-matrix
   rows: 3
   cols: 3
   dt: d
   data: [ 902.2360745589765, 0., 797.44682492523214, 0.,
       903.46339747652735, 632.00178115927429, 0., 0., 1. ]
distCoeffs: !!opencv-matrix
   rows: 1
   cols: 5
   dt: d
   data: [ 0.050450898785888258, -0.079203255662869496,
       -0.001396098648324612, -0.0009852385953881956,
       0.019038693856358754 ]
